% -------------------------------------------------------------------------
% Partitioned MATPOWER Case File
% Copyright (c) 2025 Milad Hasanzadeh
% Generated on: 2025-06-21
% This file contains partitioned data for 3 regions


% -------------------- mpc_regionR1 --------------------

mpc_regionR1.version = '2';
mpc_regionR1.baseMVA = 100.0000;
mpc_regionR1.bus = [
%	bus_i       type        Pd          Qd          Gs          Bs          area        Vm          Va          baseKV      zone        Vmax        Vmin        
	 1	 1	 341.3057	 52.828	 0	 0	 31	 1	 0	 230	 1	 1.1	 0.9;
	 2	 1	 159.4648	 24.929	 0	 0	 31	 1	 0	 230	 1	 1.1	 0.9;
	 3	 1	 419.6109	 59.777	 0	 0	 32	 1	 0	 230	 1	 1.1	 0.9;
	 4	 1	 309.9718	 40.133	 0	 0	 31	 1	 0	 115	 1	 1.1	 0.9;
	 5	 1	 239.3018	 49.091	 0	 0	 31	 1	 0	 115	 1	 1.1	 0.9;
	 6	 2	 0	 0	 0	 0	 32	 1	 0	 20	 1	 1.1	 0.9;
	 7	 2	 0	 0	 0	 0	 31	 1	 0	 20	 1	 1.1	 0.9;
	 8	 1	 462.4769	 97.849	 0	 0	 32	 1	 0	 230	 1	 1.1	 0.9;
	 9	 1	 586.1795	 83.473	 0	 0	 32	 1	 0	 230	 1	 1.1	 0.9;
	 10	 1	 657.1046	 158.476	 0	 0	 32	 1	 0	 230	 1	 1.1	 0.9;
	 11	 1	 668.7879	 95.313	 0	 0	 32	 1	 0	 230	 1	 1.1	 0.9;
	 12	 1	 546.0609	 77.782	 0	 0	 32	 1	 0	 230	 1	 1.1	 0.9;
	 13	 2	 0	 0	 0	 0	 32	 1	 0	 20	 1	 1.1	 0.9;
	 14	 1	 0	 0	 0	 0	 32	 1	 0	 500	 1	 1.1	 0.9;
	 15	 1	 345.3259	 85.791	 0	 0	 32	 1	 0	 230	 1	 1.1	 0.9;
	 16	 1	 625.4106	 150.715	 0	 0	 32	 1	 0	 230	 1	 1.1	 0.9;
	 17	 1	 533.4822	 122.616	 0	 0	 32	 1	 0	 230	 1	 1.1	 0.9;
	 18	 1	 430.3196	 61.225	 0	 0	 32	 1	 0	 230	 1	 1.1	 0.9;
	 19	 2	 0	 0	 0	 0	 32	 1	 0	 20	 1	 1.1	 0.9;
	 20	 1	 557.7071	 135.909	 0	 0	 34	 1	 0	 230	 1	 1.1	 0.9;
	 21	 1	 0	 0	 0	 0	 34	 1	 0	 230	 1	 1.1	 0.9;
	 22	 1	 515.9687	 73.583	 0	 0	 34	 1	 0	 230	 1	 1.1	 0.9;
	 23	 1	 438.461	 62.075	 0	 0	 34	 1	 0	 230	 1	 1.1	 0.9;
	 24	 1	 448.8976	 63.723	 0	 0	 34	 1	 0	 230	 1	 1.1	 0.9;
	 25	 2	 0	 0	 0	 0	 34	 1	 0	 20	 1	 1.1	 0.9;
	 26	 2	 0	 0	 0	 0	 34	 1	 0	 20	 1	 1.1	 0.9;
	 27	 1	 625.0164	 89.015	 0	 0	 35	 1	 0	 230	 1	 1.1	 0.9;
	 28	 2	 0	 0	 0	 0	 35	 1	 0	 20	 1	 1.1	 0.9;
	 29	 1	 104.8564	 14.844	 0	 0	 36	 1	 0	 115	 1	 1.1	 0.9;
	 30	 2	 0	 0	 0	 0	 36	 1	 0	 20	 1	 1.1	 0.9;
	 31	 1	 317.0506	 15.847	 0	 0	 37	 1	 0	 115	 1	 1.1	 0.9;
	 32	 2	 0	 0	 0	 0	 37	 1	 0	 20	 1	 1.1	 0.9;
	 33	 1	 191.2229	 47.411	 0	 0	 38	 1	 0	 500	 1	 1.1	 0.9;
	 34	 1	 0	 0	 0	 0	 38	 1	 0	 500	 1	 1.1	 0.9;
	 35	 1	 0	 0	 0	 0	 38	 1	 0	 500	 1	 1.1	 0.9;
	 36	 1	 223.6404	 55.318	 0	 0	 38	 1	 0	 230	 1	 1.1	 0.9;
	 37	 1	 499.3888	 163.106	 0	 0	 38	 1	 0	 230	 1	 1.1	 0.9;
	 38	 1	 289.5858	 41.366	 0	 0	 38	 1	 0	 230	 1	 1.1	 0.9;
	 39	 2	 0	 0	 0	 0	 38	 1	 0	 20	 1	 1.1	 0.9;
	 40	 2	 0	 0	 0	 0	 38	 1	 0	 20	 1	 1.1	 0.9;
	 41	 2	 0	 0	 0	 0	 38	 1	 0	 20	 1	 1.1	 0.9;
	 42	 1	 0	 0	 0	 0	 38	 1	 0	 500	 1	 1.1	 0.9;
	 43	 1	 0	 0	 0	 0	 38	 1	 0	 500	 1	 1.1	 0.9;
	 44	 1	 0	 0	 0	 0	 38	 1	 0	 500	 1	 1.1	 0.9;
	 45	 1	 0	 0	 0	 0	 38	 1	 0	 500	 1	 1.1	 0.9;
	 46	 1	 0	 0	 0	 0	 39	 1	 0	 500	 1	 1.1	 0.9;
	 47	 1	 152.9913	 38.248	 0	 0	 39	 1	 0	 500	 1	 1.1	 0.9;
	 48	 1	 213.2478	 30.269	 0	 0	 39	 1	 0	 500	 1	 1.1	 0.9;
	 49	 1	 0	 0	 0	 0	 39	 1	 0	 500	 1	 1.1	 0.9;
	 50	 1	 0	 0	 0	 0	 39	 1	 0	 500	 1	 1.1	 0.9;
	 51	 1	 0	 0	 0	 0	 39	 1	 0	 500	 1	 1.1	 0.9;
	 52	 1	 461.3573	 63.071	 0	 0	 39	 1	 0	 230	 1	 1.1	 0.9;
	 53	 1	 200.2788	 24.716	 0	 0	 39	 1	 0	 230	 1	 1.1	 0.9;
	 54	 1	 170.957	 39.785	 0	 0	 39	 1	 0	 230	 1	 1.1	 0.9;
	 55	 1	 241.8392	 34.44	 0	 0	 39	 1	 0	 230	 1	 1.1	 0.9;
	 56	 1	 233.1345	 47.114	 0	 0	 39	 1	 0	 230	 1	 1.1	 0.9;
	 57	 1	 174.5029	-0.634	 0	 0	 39	 1	 0	 230	 1	 1.1	 0.9;
	 58	 1	 329.5484	 43.435	 0	 0	 39	 1	 0	 230	 1	 1.1	 0.9;
	 59	 1	 227.7536	 52.549	 0	 0	 39	 1	 0	 230	 1	 1.1	 0.9;
	 60	 1	 254.4589	 53.402	 0	 0	 39	 1	 0	 230	 1	 1.1	 0.9;
	 61	 1	 155.0024	 0	 0	 0	 39	 1	 0	 230	 1	 1.1	 0.9;
	 62	 1	 238.1882	 43.995	 0	 0	 39	 1	 0	 230	 1	 1.1	 0.9;
	 63	 1	 319.2809	 75.464	 0	 0	 39	 1	 0	 230	 1	 1.1	 0.9;
	 64	 1	 184.5093	 24.094	 0	 0	 39	 1	 0	 230	 1	 1.1	 0.9;
	 65	 1	 172.5018	 23.677	 0	 0	 39	 1	 0	 230	 1	 1.1	 0.9;
	 66	 1	 150.8902	 34.821	 0	 0	 39	 1	 0	 230	 1	 1.1	 0.9;
	 67	 1	 253.4454	 31.919	 0	 0	 39	 1	 0	 230	 1	 1.1	 0.9;
	 68	 1	 399.0618	 67.021	 0	 0	 39	 1	 0	 230	 1	 1.1	 0.9;
	 69	 1	 332.4879	 47.165	 0	 0	 39	 1	 0	 230	 1	 1.1	 0.9;
	 70	 1	 0	 0	 0	 0	 39	 1	 0	 115	 1	 1.1	 0.9;
	 71	 1	 267.3529	 16.668	 0	 0	 39	 1	 0	 115	 1	 1.1	 0.9;
	 72	 2	 0	 0	 0	 0	 39	 1	 0	 20	 1	 1.1	 0.9;
	 73	 2	 0	 0	 0	 0	 39	 1	 0	 20	 1	 1.1	 0.9;
	 74	 3	 0	 0	 0	 0	 39	 1	 0	 20	 1	 1.1	 0.9;
	 75	 1	 0	 0	 0	 0	 80	 1	 0	 500	 1	 1.1	 0.9;
	 76	 1	 0	 0	 0	 0	 80	 1	 0	 500	 1	 1.1	 0.9;
	 77	 1	 652.6717	 85.141	 0	 0	 80	 1	 0	 230	 1	 1.1	 0.9;
	 78	 1	 3787.8915	 494.11	 0	 0	 80	 1	 0	 230	 1	 1.1	 0.9;
	 79	 1	 1321.2379	 172.37	 0	 0	 80	 1	 0	 230	 1	 1.1	 0.9;
	 80	 2	 0	 0	 0	 0	 80	 1	 0	 20	 1	 1.1	 0.9;
	 81	 2	 0	 0	 0	 0	 80	 1	 0	 20	 1	 1.1	 0.9;
];

mpc_regionR1.gen = [
%	bus         Pg          Qg          Qmax        Qmin        Vg          mBase       status      Pmax        Pmin        Pc1         Pc2         Qc1min      Qc1max      Qc2min      Qc2max      ramp_agc    ramp_10     ramp_30     ramp_q      apf         
	 6	 21	 6.5	 42	-29	 1	 100	 1	 42	 0;
	 6	 0.05	 0	 500	-500	 1	 100	 1	 0.1	 0;
	 7	 184.5	 19	 239	-201	 1	 100	 1	 369	 0;
	 7	 13	 7.5	 100	-85	 1	 100	 1	 26	 0;
	 13	 60.5	 13	 101	-75	 1	 100	 1	 121	 0;
	 13	 1314	 5	 1244	-1234	 1	 100	 1	 2628	 0;
	 13	 353.5	 85	 382	-212	 1	 100	 1	 707	 0;
	 13	 345	 10	 75	-55	 1	 100	 1	 690	 0;
	 19	 345	 86	 398	-226	 1	 100	 1	 690	 0;
	 19	 106.5	 29.5	 202	-143	 1	 100	 1	 213	 0;
	 25	 147	 102	 510	-306	 1	 100	 1	 1218	-924;
	 26	 314	 28	 231	-175	 1	 100	 1	 628	 0;
	 26	 1008	 188.5	 939	-562	 1	 100	 1	 2016	 0;
	 28	 434	 202.5	 1004	-599	 1	 100	 1	 868	 0;
	 28	 162.5	 36	 253	-181	 1	 100	 1	 325	 0;
	 28	 15	 1.5	 13	-10	 1	 100	 1	 30	 0;
	 30	 26.5	 3	 20	-14	 1	 100	 1	 53	 0;
	 30	 71.5	 20	 74	-34	 1	 100	 1	 143	 0;
	 32	 127.5	 39.5	 200	-121	 1	 100	 1	 255	 0;
	 39	 1133.5	 97.5	 1175	-980	 1	 100	 1	 2267	 0;
	 40	 690.5	 91.5	 662	-479	 1	 100	 1	 1381	 0;
	 40	-255	 0.25	 0.5	 0	 1	 100	 1	 0	-510;
	 41	 510.5	 62	 476	-352	 1	 100	 1	 1021	 0;
	 72	 157	 18	 151	-115	 1	 100	 1	 314	 0;
	 72	 1848	 169	 1284	-946	 1	 100	 1	 3696	 0;
	 73	 739	 325	 1150	-500	 1	 100	 1	 1478	 0;
	 74	 295	 140.5	 363	-82	 1	 100	 1	 590	 0;
	 74	 95.5	 11	 77	-55	 1	 100	 1	 191	 0;
	 74	 657	 96.5	 500	-307	 1	 100	 1	 1314	 0;
	 74	 1752.5	 107.5	 1256	-1041	 1	 100	 1	 3505	 0;
	 74	 146.5	 1	 13	-11	 1	 100	 1	 293	 0;
	 74	-224.5	 0.25	 0.5	 0	 1	 100	 1	 0	-449;
	 80	 786	 0	 786	-786	 1	 100	 1	 1572	 0;
	 81	 1280	 0	 1280	-1280	 1	 100	 1	 2560	 0;
	 81	 344	 0	 344	-344	 1	 100	 1	 688	 0;
];

