% -------------------------------------------------------------------------
% Partitioned MATPOWER Case File
% Copyright (c) 2025 Milad Hasanzadeh
% Generated on: 2025-06-25
% This file contains partitioned data for 3 regions


% -------------------- mpc_regionR1 --------------------

mpc_regionR1.version = '2';
mpc_regionR1.baseMVA = 100.0000;
mpc_regionR1.bus = [
%	bus_i       type        Pd          Qd          Gs          Bs          area        Vm          Va          baseKV      zone        Vmax        Vmin        
	 1	 2	 61	 28	 0	 0	 1	 1	 0	 138	 1	 1.06	 0.94;
	 2	 1	 71	 26	 0	 0	 1	 1	 0	 138	 1	 1.06	 0.94;
	 3	 1	 39	 32	 0	 20	 1	 1	 0	 138	 1	 1.06	 0.94;
	 4	 2	 130	 26	 0	 0	 1	 1	 0	 138	 1	 1.06	 0.94;
	 5	 1	 54	 27	 0	 20	 1	 1	 0	 138	 1	 1.06	 0.94;
	 6	 1	 20	 10	 0	 10	 1	 1	 0	 138	 1	 1.06	 0.94;
	 7	 1	 11	 7	 0	 0	 1	 1	 0	 138	 1	 1.06	 0.94;
	 8	 2	 24	 15	 0	 0	 1	 1	 0	 138	 1	 1.06	 0.94;
	 9	 1	 21	 10	 0	 0	 1	 1	 0	 138	 1	 1.06	 0.94;
	 10	 2	 0	 0	 0	 0	 1	 1	 0	 161	 1	 1.06	 0.94;
	 11	 1	 48	 10	 0	 0	 1	 1	 0	 138	 1	 1.06	 0.94;
	 12	 2	 0	 0	 0	 0	 1	 1	 0	 138	 1	 1.06	 0.94;
	 13	 2	 163	 42	 0	 0	 1	 1	 0	 138	 1	 1.06	 0.94;
	 14	 2	 10	 0	 0	 0	 1	 1	 0	 138	 1	 1.06	 0.94;
	 15	 2	 65	 10	 0	 0	 1	 1	 0	 138	 1	 1.06	 0.94;
	 16	 1	 12	 7	 0	 0	 1	 1	 0	 138	 1	 1.06	 0.94;
	 17	 1	 30	 16	 0	 0	 1	 1	 0	 138	 1	 1.06	 0.94;
	 18	 1	 42	 31	 0	 0	 1	 1	 0	 138	 1	 1.06	 0.94;
	 19	 1	 38	 15	 0	 0	 1	 1	 0	 138	 1	 1.06	 0.94;
	 20	 1	 15	 9	 0	 0	 1	 1	 0	 138	 1	 1.06	 0.94;
	 21	 1	 34	 8	 0	 0	 1	 1	 0	 138	 1	 1.06	 0.94;
	 22	 2	 42	 0	 0	 0	 1	 1	 0	 138	 1	 1.06	 0.94;
	 23	 2	 37	 18	 0	 0	 1	 1	 0	 138	 1	 1.06	 0.94;
	 24	 1	 22	 15	 0	 0	 1	 1	 0	 138	 1	 1.06	 0.94;
	 25	 1	 5	 3	 0	 0	 1	 1	 0	 138	 1	 1.06	 0.94;
	 26	 2	 23	 16	 0	 0	 1	 1	 0	 138	 1	 1.06	 0.94;
	 27	 2	 38	 25	 0	 0	 1	 1	 0	 138	 1	 1.06	 0.94;
	 28	 2	 31	 26	 0	 20	 1	 1	 0	 138	 1	 1.06	 0.94;
	 29	 1	 43	 16	 0	 0	 1	 1	 0	 138	 1	 1.06	 0.94;
	 30	 2	 50	 12	 0	 6	 1	 1	 0	 138	 1	 1.06	 0.94;
	 31	 1	 2	 1	 0	 0	 1	 1	 0	 138	 1	 1.06	 0.94;
	 32	 1	 8	 3	 0	 0	 1	 1	 0	 138	 1	 1.06	 0.94;
	 33	 2	 39	 30	 0	 6	 1	 1	 0	 138	 1	 1.06	 0.94;
	 34	 2	 0	 0	 0	 0	 1	 1	 0	 138	 1	 1.06	 0.94;
	 35	 2	 68	 13	 0	 0	 1	 1	 0	 138	 1	 1.06	 0.94;
];

mpc_regionR1.gen = [
%	bus         Pg          Qg          Qmax        Qmin        Vg          mBase       status      Pmax        Pmin        Pc1         Pc2         Qc1min      Qc1max      Qc2min      Qc2max      ramp_agc    ramp_10     ramp_30     ramp_q      apf         
	 1	 0	 25	 70	-20	 1	 100	 1	 0	 0;
	 4	 254.5	 45	 255	-165	 1	 100	 1	 509	 0;
	 8	 0	 7.5	 23	-8	 1	 100	 1	 0	 0;
	 10	 5	 0	 5	-5	 1	 100	 1	 10	 0;
	 12	 318.5	 45	 300	-210	 1	 100	 1	 637	 0;
	 13	 0	 0	 300	-300	 1	 100	 1	 0	 0;
	 14	 0	 0	 100	-100	 1	 100	 1	 0	 0;
	 15	 0	 3	 9	-3	 1	 100	 1	 0	 0;
	 22	 0	 0	 100	-100	 1	 100	 1	 0	 0;
	 23	 326.5	 52.5	 155	-50	 1	 100	 1	 653	 0;
	 26	 54	 12.5	 40	-15	 1	 100	 1	 108	 0;
	 27	 0	 7.5	 23	-8	 1	 100	 1	 0	 0;
	 28	 0	 7.5	 23	-8	 1	 100	 1	 0	 0;
	 30	 0	 0	 200	-200	 1	 100	 1	 0	 0;
	 33	 0	 7.5	 23	-8	 1	 100	 1	 0	 0;
	 34	 39.5	 0	 40	-40	 1	 100	 1	 79	 0;
	 35	 0	 450	 1000	-100	 1	 100	 1	 0	 0;
];

mpc_regionR1.branch = [
%	fbus        tbus        r           x           b           rateA       rateB       rateC       ratio       angle       status      angmin      angmax      
	 1	 2	 0.00376	 0.0124	 0.01264	 151	 151	 151	 0	 0	 1	-30	 30;
	 2	 3	 0.00546	 0.0244	 0.00648	 174	 174	 174	 0	 0	 1	-30	 30;
	 1	 4	 0.017	 0.0485	 0.0472	 141	 141	 141	 0	 0	 1	-30	 30;
	 1	 4	 0.0294	 0.105	 0.0228	 157	 157	 157	 0	 0	 1	-30	 30;
	 3	 4	 0.0156	 0.0704	 0.0187	 175	 175	 175	 0	 0	 1	-30	 30;
	 1	 5	 0.0298	 0.0853	 0.08174	 141	 141	 141	 0	 0	 1	-30	 30;
	 5	 6	 0.0112	 0.03665	 0.03796	 150	 150	 150	 0	 0	 1	-30	 30;
	 6	 7	 0.0625	 0.132	 0.0258	 122	 122	 122	 0	 0	 1	-30	 30;
	 6	 8	 0.043	 0.148	 0.0348	 154	 154	 154	 0	 0	 1	-30	 30;
	 7	 8	 0.0302	 0.0641	 0.01234	 122	 122	 122	 0	 0	 1	-30	 30;
	 8	 9	 0.035	 0.123	 0.0276	 156	 156	 156	 0	 0	 1	-30	 30;
	 9	 10	 0.02828	 0.2074	 0.0445	 141	 141	 141	 1	 0	 1	-30	 30;
	 8	 11	 0.02	 0.102	 0.0276	 186	 186	 186	 0	 0	 1	-30	 30;
	 8	 12	 0.0239	 0.173	 0.047	 168	 168	 168	 0	 0	 1	-30	 30;
	 11	 12	 0.0139	 0.0712	 0.01934	 186	 186	 186	 0	 0	 1	-30	 30;
	 12	 13	 0.0518	 0.188	 0.0528	 151	 151	 151	 0	 0	 1	-30	 30;
	 12	 13	 0.0238	 0.0997	 0.106	 169	 169	 169	 0	 0	 1	-30	 30;
	 13	 14	 0.0254	 0.0836	 0.0214	 151	 151	 151	 0	 0	 1	-30	 30;
	 12	 15	 0.0099	 0.0505	 0.0548	 186	 186	 186	 0	 0	 1	-30	 30;
	 12	 15	 0.0393	 0.1581	 0.0414	 166	 166	 166	 0	 0	 1	-30	 30;
	 14	 15	 0.0387	 0.1272	 0.03268	 151	 151	 151	 0	 0	 1	-30	 30;
	 15	 16	 0.0258	 0.0848	 0.0218	 151	 151	 151	 0	 0	 1	-30	 30;
	 15	 17	 0.0481	 0.158	 0.0406	 151	 151	 151	 0	 0	 1	-30	 30;
	 16	 17	 0.0223	 0.0732	 0.01876	 151	 151	 151	 0	 0	 1	-30	 30;
	 17	 18	 0.0132	 0.0434	 0.0111	 151	 151	 151	 0	 0	 1	-30	 30;
	 4	 19	 0.0356	 0.182	 0.0494	 159	 159	 159	 0	 0	 1	-30	 30;
	 5	 19	 0.0162	 0.053	 0.0544	 150	 150	 150	 0	 0	 1	-30	 30;
	 17	 19	 0.0269	 0.0869	 0.023	 149	 149	 149	 0	 0	 1	-30	 30;
	 4	 20	 0.0183	 0.0934	 0.0254	 186	 186	 186	 0	 0	 1	-30	 30;
	 4	 21	 0.0238	 0.108	 0.0286	 176	 176	 176	 0	 0	 1	-30	 30;
	 4	 22	 0.0454	 0.206	 0.0546	 140	 140	 140	 0	 0	 1	-30	 30;
	 15	 23	 0.0648	 0.295	 0.0472	 98	 98	 98	 0	 0	 1	-30	 30;
	 17	 23	 0.0178	 0.058	 0.0604	 150	 150	 150	 0	 0	 1	-30	 30;
	 18	 19	 0.0171	 0.0547	 0.01474	 149	 149	 149	 0	 0	 1	-30	 30;
	 19	 20	 0.0173	 0.0885	 0.024	 186	 186	 186	 0	 0	 1	-30	 30;
	 21	 23	 0.0397	 0.179	 0.0476	 160	 160	 160	 0	 0	 1	-30	 30;
	 22	 23	 0.018	 0.0813	 0.0216	 175	 175	 175	 0	 0	 1	-30	 30;
	 23	 24	 0.0277	 0.1262	 0.0328	 176	 176	 176	 0	 0	 1	-30	 30;
	 15	 25	 0.0123	 0.0559	 0.01464	 176	 176	 176	 0	 0	 1	-30	 30;
	 24	 25	 0.0246	 0.112	 0.0294	 176	 176	 176	 0	 0	 1	-30	 30;
	 23	 26	 0.016	 0.0525	 0.0536	 151	 151	 151	 0	 0	 1	-30	 30;
	 23	 27	 0.0451	 0.204	 0.0541	 141	 141	 141	 0	 0	 1	-30	 30;
	 26	 27	 0.0466	 0.1584	 0.0407	 153	 153	 153	 0	 0	 1	-30	 30;
	 26	 28	 0.0535	 0.1625	 0.0408	 145	 145	 145	 0	 0	 1	-30	 30;
	 23	 29	 0.0605	 0.229	 0.062	 124	 124	 124	 0	 0	 1	-30	 30;
	 27	 28	 0.00994	 0.0378	 0.00986	 161	 161	 161	 0	 0	 1	-30	 30;
	 28	 29	 0.014	 0.0547	 0.01434	 164	 164	 164	 0	 0	 1	-30	 30;
	 28	 30	 0.053	 0.183	 0.0472	 154	 154	 154	 0	 0	 1	-30	 30;
	 28	 31	 0.0261	 0.0703	 0.01844	 137	 137	 137	 0	 0	 1	-30	 30;
	 29	 30	 0.053	 0.183	 0.0472	 154	 154	 154	 0	 0	 1	-30	 30;
	 31	 32	 0.0105	 0.0288	 0.0076	 138	 138	 138	 0	 0	 1	-30	 30;
	 26	 33	 0.03906	 0.1813	 0.0461	 159	 159	 159	 0	 0	 1	-30	 30;
	 32	 33	 0.0278	 0.0762	 0.0202	 138	 138	 138	 0	 0	 1	-30	 30;
	 33	 34	 0.022	 0.0755	 0.02	 154	 154	 154	 0	 0	 1	-30	 30;
	 33	 35	 0.0247	 0.064	 0.062	 135	 135	 135	 0	 0	 1	-30	 30;
];

mpc_regionR1.gencost = [
%	2           startup     shutdown    n           c(n-1)...c0 
	 2	 0	 0	 3	 0	 0	 0;
	 2	 0	 0	 3	 0	 24.600772	 0;
	 2	 0	 0	 3	 0	 0	 0;
	 2	 0	 0	 3	 0	 34.072633	 0;
	 2	 0	 0	 3	 0	 24.605102	 0;
	 2	 0	 0	 3	 0	 0	 0;
	 2	 0	 0	 3	 0	 0	 0;
	 2	 0	 0	 3	 0	 0	 0;
	 2	 0	 0	 3	 0	 0	 0;
	 2	 0	 0	 3	 0	 12.61217	 0;
	 2	 0	 0	 3	 0	 28.649471	 0;
	 2	 0	 0	 3	 0	 0	 0;
	 2	 0	 0	 3	 0	 0	 0;
	 2	 0	 0	 3	 0	 0	 0;
	 2	 0	 0	 3	 0	 0	 0;
	 2	 0	 0	 3	 0	 35.043401	 0;
	 2	 0	 0	 3	 0	 0	 0;
];


% -------------------- mpc_regionR2 --------------------

mpc_regionR2.version = '2';
mpc_regionR2.baseMVA = 100.0000;
