% -------------------------------------------------------------------------
% Partitioned MATPOWER Case File
% Copyright (c) 2025 Milad Hasanzadeh
% Generated on: 2025-06-25
% This file contains partitioned data for 3 regions


% -------------------- mpc_regionR1 --------------------

mpc_regionR1.version = '2';
mpc_regionR1.baseMVA = 100.0000;
mpc_regionR1.bus = [
%	bus_i       type        Pd          Qd          Gs          Bs          area        Vm          Va          baseKV      zone        Vmax        Vmin        
	 1	 1	 926.77	-54.77	 0	 0	 1	 1.003	 0	 1	 1	 1.108	 0.898;
	 2	 1	 0	 0	 0	 0	 1	 1.003	 0	 1	 1	 1.108	 0.898;
	 3	 2	 46.71	 0	 0	 0	 1	 1.003	 0	 1	 1	 1.108	 0.898;
	 4	 1	 1271.04	-122.37	 0	 0	 1	 1.003	 0	 1	 1	 1.108	 0.898;
	 5	 2	 48.57	 0	 0	 0	 1	 1.003	 0	 1	 1	 1.108	 0.898;
	 6	 1	 0	 0	 0	-113	 1	 1.003	 0	 1	 1	 1.108	 0.898;
	 7	 1	 113.45	-54.21	 0	-155	 1	 1.003	 0	 1	 1	 1.108	 0.898;
	 8	 2	 50	 0	 0	 0	 1	 1.003	 0	 1	 1	 1.108	 0.898;
	 9	 1	 67.39	 22.91	 0	 0	 1	 1.003	 0	 1	 1	 1.108	 0.898;
	 10	 2	 47.87	 0	 0	 0	 1	 1.003	 0	 1	 1	 1.108	 0.898;
	 11	 1	 459.25	 4.79	 0	 390	 1	 1.003	 0	 1	 1	 1.108	 0.898;
	 12	 2	 51.79	 0	 0	 0	 1	 1.003	 0	 1	 1	 1.108	 0.898;
	 13	 1	 0	 0	 0	 0	 1	 1.003	 0	 1	 1	 1.108	 0.898;
	 14	 1	 0	 0	 0	 0	 1	 1.003	 0	 1	 1	 1.108	 0.898;
	 15	 2	 51.16	 0	 0	 0	 1	 1.003	 0	 1	 1	 1.108	 0.898;
	 16	 1	 1098.25	 902.5	 0	 430	 1	 1.003	 0	 1	 1	 1.108	 0.898;
	 17	 2	 52.83	 0	 0	 0	 1	 1.003	 0	 1	 1	 1.108	 0.898;
	 18	 1	 0	 0	 0	-220	 1	 1.003	 0	 1	 1	 1.108	 0.898;
	 19	 1	 0	 0	 0	-220	 1	 1.003	 0	 1	 1	 1.108	 0.898;
	 20	 1	 307.42	-452.74	 0	-870	 1	 1.003	 0	 1	 1	 1.108	 0.898;
	 21	 1	 0	 0	 0	 0	 1	 1.003	 0	 1	 1	 1.108	 0.898;
	 22	 1	 210.22	 74.94	 0	-60	 1	 1.003	 0	 1	 1	 1.108	 0.898;
	 23	 1	 16.91	 12.04	 0	 0	 1	 1.003	 0	 1	 1	 1.108	 0.898;
	 24	 1	 79.39	-8.29	 0	 0	 1	 1.003	 0	 1	 1	 1.108	 0.898;
	 25	 1	 53.01	 41.07	 0	-220	 1	 1.003	 0	 1	 1	 1.108	 0.898;
	 26	 2	 53.7	 0	 0	 0	 1	 1.003	 0	 1	 1	 1.108	 0.898;
	 27	 1	-29.29	 11.72	 0	 0	 1	 1.003	 0	 1	 1	 1.108	 0.898;
	 28	 1	 137.66	 104.12	 0	 0	 1	 1.003	 0	 1	 1	 1.108	 0.898;
	 29	 2	 47.79	 0	 0	 0	 1	 1.003	 0	 1	 1	 1.108	 0.898;
	 30	 1	 0	 0	 0	 0	 1	 1.003	 0	 1	 1	 1.108	 0.898;
	 31	 1	 15.05	 12.06	 0	-18	 1	 1.003	 0	 1	 1	 1.108	 0.898;
	 32	 1	 73.31	 70	 0	 0	 1	 1.003	 0	 1	 1	 1.108	 0.898;
	 33	 1	 171.78	-39.78	 0	-50	 1	 1.003	 0	 1	 1	 1.108	 0.898;
	 34	 1	 95.68	 75.76	 0	 0	 1	 1.003	 0	 1	 1	 1.108	 0.898;
];

mpc_regionR1.gen = [
%	bus         Pg          Qg          Qmax        Qmin        Vg          mBase       status      Pmax        Pmin        Pc1         Pc2         Qc1min      Qc1max      Qc2min      Qc2max      ramp_agc    ramp_10     ramp_30     ramp_q      apf         
	 3	 994.085	-7.94	 320.28	-336.16	 1.003	 1600	 1	 1683.12	 305.05	 0	 0	 0	 0	 0	 0	 0	 0	 0	 0	 1683.1216;
	 5	 1084.63	-30.87	 378.83	-440.57	 1.003	 2100	 1	 1938.18	 231.08	 0	 0	 0	 0	 0	 0	 0	 0	 0	 0	 1938.1774;
	 8	 2652.8	 141.81	 701.97	-418.35	 1.003	 4300	 1	 4498.26	 807.34	 0	 0	 0	 0	 0	 0	 0	 0	 0	 0	 4498.2554;
	 10	 2402.61	-17.94	 899.03	-934.91	 1.003	 4100	 1	 3956.96	 848.26	 0	 0	 0	 0	 0	 0	 0	 0	 0	 0	 3956.9636;
	 12	 1305.43	 23.19	 319	-272.62	 1.003	 2000	 1	 2074.45	 536.41	 0	 0	 0	 0	 0	 0	 0	 0	 0	 0	 2074.4534;
	 15	 2254.335	 129.4	 652.92	-394.12	 1.003	 3300	 1	 3493.62	 1015.05	 0	 0	 0	 0	 0	 0	 0	 0	 0	 0	 3493.625;
	 17	 2010.625	 89.785	 765.95	-586.38	 1.003	 3600	 1	 3528.4	 492.85	 0	 0	 0	 0	 0	 0	 0	 0	 0	 0	 3528.4009;
	 26	 2214.085	 697.35	 10604.58	-9209.88	 1.003	 3300	 1	 3483.05	 945.12	 0	 0	 0	 0	 0	 0	 0	 0	 0	 0	 3483.0479;
	 29	 501.625	-587.665	 9359.49	-10534.82	 1.003	 900	 1	 839.66	 163.59	 0	 0	 0	 0	 0	 0	 0	 0	 0	 0	 839.6633;
];

mpc_regionR1.branch = [
%	fbus        tbus        r           x           b           rateA       rateB       rateC       ratio       angle       status      angmin      angmax      
	 1	 2	 0	 0.0146	 0	 2196	 2196	 2196	 0	 0	 1	-30	 30;
	 1	 3	 0	 0.0173	 0	 1853	 1853	 1853	 0.9545	 0	 1	-30	 30;
	 2	 7	 0.00179	 0.01988	 2.576	 1606	 1606	 1606	 0	 0	 1	-30	 30;
	 4	 5	 0	 0.01238	 0	 2589	 2589	 2589	 0	 0	 1	-30	 30;
	 4	 10	 0	 0.015	 0	 2137	 2137	 2137	 0	 0	 1	-30	 30;
	 11	 4	 0.00977	 0.11	 2	 291	 291	 291	 0	 0	 1	-30	 30;
	 4	 27	 0.00811	 0.1369	 2.4348	 234	 234	 234	 0	 0	 1	-30	 30;
	 6	 7	 0	 0.011	 0	 2914	 2914	 2914	 1.063	 0	 1	-30	 30;
	 6	 7	 0	 0.011	 0	 2914	 2914	 2914	 1.063	 0	 1	-30	 30;
	 6	 13	 0	 0.00408	 0	 5501.81	 7856	 7856	 0	 0	 1	-30	 30;
	 7	 8	 0	 0.0059	 0	 5432	 5432	 5432	 0	 0	 1	-30	 30;
	 7	 9	 0.00028	 0.0138	 0	 2322	 2322	 2322	 0	 0	 1	-30	 30;
	 7	 9	 0.00029	 0.0139	 0	 2306	 2306	 2306	 0	 0	 1	-30	 30;
	 7	 11	 0.0005	 0.0053	 0.0882	 2202.27	 6021	 6021	 0	 0	 1	-30	 30;
	 30	 7	 0.0048	 0.0436	 0.7078	 731	 731	 731	 0	 0	 1	-30	 30;
	 11	 12	 0	 0.006	 0	 5342	 5342	 5342	 1.0435	 0	 1	-30	 30;
	 13	 14	 0.00177	 0.04189	 3.3446	 765	 765	 765	 0	 0	 1	-30	 30;
	 20	 15	 0	 0.0046	 0	 6968	 6968	 6968	 0	 0	 1	-30	 30;
	 16	 17	 0	 0.0052	 0	 6164	 6164	 6164	 1.025	 0	 1	-30	 30;
	 16	 27	 0.0018	 0.0245	 0.4392	 1305	 1305	 1305	 0	 0	 1	-30	 30;
	 16	 27	 0.0018	 0.0245	 0.4392	 1305	 1305	 1305	 0	 0	 1	-30	 30;
	 18	 21	 0.00264	 0.05356	 5.29066	 598	 598	 598	 0	 0	 1	-30	 30;
	 19	 20	 0	 0.0072	 0	 4452	 4452	 4452	 1.05	 0	 1	-30	 30;
	 21	 19	 0	 0.02667	 0	 1202	 1202	 1202	 0	 0	 1	-30	 30;
	 23	 20	 0.0062	 0.0673	 1.1156	 475	 475	 475	 0	 0	 1	-30	 30;
	 23	 22	 0.0024	 0.0332	 0.5849	 963	 963	 963	 0	 0	 1	-30	 30;
	 22	 25	 0.0052	 0.0602	 1.01	 531	 531	 531	 0	 0	 1	-30	 30;
	 22	 25	 0.0049	 0.0537	 0.8843	 595	 595	 595	 0	 0	 1	-30	 30;
	 22	 27	 0.0017	 0.0225	 0.3992	 1421	 1421	 1421	 0	 0	 1	-30	 30;
	 22	 27	 0.0021	 0.0238	 0.3845	 1342	 1342	 1342	 0	 0	 1	-30	 30;
	 22	 32	 0.0012	 0.0172	 0.2987	 1859	 1859	 1859	 0	 0	 1	-30	 30;
	 22	 34	 0.0008	 0.0106	 0.2039	 2253.37	 3015	 3015	 0	 0	 1	-30	 30;
	 23	 24	 0.0003	 0.0181	 0	 1771	 1771	 1771	 0	 0	 1	-30	 30;
	 23	 34	 0.0016	 0.0226	 0.381	 1415	 1415	 1415	 0	 0	 1	-30	 30;
	 24	 28	 0.0108	 0.0965	 0.3296	 331	 331	 331	 0	 0	 1	-30	 30;
	 25	 26	 0.0002	 0.0058	 0	 5523	 5523	 5523	 0.9855	 0	 1	-30	 30;
	 25	 31	 0.0096	 0.0878	 1.4265	 363	 363	 363	 0	 0	 1	-30	 30;
	 25	 32	 0.0034	 0.0392	 0.6524	 815	 815	 815	 0	 0	 1	-30	 30;
	 25	 33	 0.0034	 0.0374	 0.6208	 854	 854	 854	 0	 0	 1	-30	 30;
	 25	 33	 0.0034	 0.0372	 0.6182	 858	 858	 858	 0	 0	 1	-30	 30;
	 27	 33	 0.0038	 0.034	 0.5824	 937	 937	 937	 0	 0	 1	-30	 30;
	 27	 33	 0.0032	 0.0349	 0.5722	 915	 915	 915	 0	 0	 1	-30	 30;
	 28	 29	 0.0005	 0.0141	 0	 2272	 2272	 2272	 1.0588	 0	 1	-30	 30;
	 31	 30	 0	 0.0195	 0	 1644	 1644	 1644	 0	 0	 1	-30	 30;
];

mpc_regionR1.gencost = [
%	2           startup     shutdown    n           c(n-1)...c0 
	 2	 0	 0	 3	 0	 27.125018	 0;
	 2	 0	 0	 3	 0	 25.767823	 0;
	 2	 0	 0	 3	 0	 33.458506	 0;
	 2	 0	 0	 3	 0	 6.580729	 0;
	 2	 0	 0	 3	 0	 41.899242	 0;
	 2	 0	 0	 3	 0	 23.718395	 0;
	 2	 0	 0	 3	 0	 21.891639	 0;
	 2	 0	 0	 3	 0	 8.614738	 0;
	 2	 0	 0	 3	 0	 49.876052	 0;
];


% -------------------- mpc_regionR2 --------------------

mpc_regionR2.version = '2';
mpc_regionR2.baseMVA = 100.0000;
