% -------------------------------------------------------------------------
% Partitioned MATPOWER Case File
% Copyright (c) 2025 Milad Hasanzadeh
% Generated on: 2025-06-05
% This file contains partitioned data for 3 regions


% -------------------- mpc_regionR1 --------------------

mpc_regionR1.version = '2';
mpc_regionR1.baseMVA = 100.0000;
mpc_regionR1.bus = [
%	bus_i       type        Pd          Qd          Gs          Bs          area        Vm          Va          baseKV      zone        Vmax        Vmin        
	 1	 1	 0	 0	 0	 0	 1	 1	 0	 345	 1	 1.06	 0.94;
	 2	 1	 160	 60	 0	 0	 1	 1	 0	 115	 1	 1.06	 0.94;
	 3	 1	 126.7	 23	 0	 0	 1	 1	 0	 115	 1	 1.06	 0.94;
	 4	 1	 0	 0	 0	 0	 1	 1	 0	 345	 1	 1.06	 0.94;
	 5	 1	 561	 220	 0	 0	 1	 1	 0	 115	 1	 1.06	 0.94;
	 6	 1	 55	 6	 0	 0	 1	 1	 0	 115	 1	 1.06	 0.94;
	 7	 1	 0	 0	 0	 0	 1	 1	 0	 345	 1	 1.06	 0.94;
	 8	 1	 85	 32	 0	 0	 1	 1	 0	 115	 1	 1.06	 0.94;
	 9	 1	 155	 18	 0	 0	 1	 1	 0	 115	 1	 1.06	 0.94;
	 10	 1	 0	 0	 0	 0	 1	 1	 0	 345	 1	 1.06	 0.94;
	 11	 1	 46	-21	 0	 0	 1	 1	 0	 115	 1	 1.06	 0.94;
	 12	 1	 86	 0	 0	 0	 1	 1	 0	 115	 1	 1.06	 0.94;
	 13	 1	 0	 0	 0	 0	 1	 1	 0	 345	 1	 1.06	 0.94;
	 14	 1	 39	 9	 0	 0	 1	 1	 0	 115	 1	 1.06	 0.94;
	 15	 1	 195	 29	 0	 0	 1	 1	 0	 115	 1	 1.06	 0.94;
	 16	 1	 41	 19	 0	 0	 1	 1	 0	 115	 1	 1.06	 0.94;
	 17	 1	 92	 26	 0	 0	 1	 1	 0	 115	 1	 1.06	 0.94;
	 18	 1	-5	 5	 0	 0	 1	 1	 0	 115	 1	 1.06	 0.94;
	 19	 1	 61	 28	 0	 0	 1	 1	 0	 115	 1	 1.06	 0.94;
	 20	 1	 69	 3	 0	 0	 1	 1	 0	 115	 1	 1.06	 0.94;
	 21	 1	 10	 1	 0	 0	 1	 1	 0	 115	 1	 1.06	 0.94;
	 22	 1	 22	 10	 0	 0	 1	 1	 0	 115	 1	 1.06	 0.94;
	 23	 1	 98	 20	 0	 0	 1	 1	 0	 115	 1	 1.06	 0.94;
	 24	 1	 14	 1	 0	 0	 1	 1	 0	 115	 1	 1.06	 0.94;
	 25	 2	 70	 30	 0	 0	 1	 1	 0	 115	 1	 1.06	 0.94;
	 26	 1	 0	 0	 0	 0	 1	 1	 0	 230	 1	 1.06	 0.94;
	 27	 1	 0	 0	 0	 0	 1	 1	 0	 230	 1	 1.06	 0.94;
	 28	 1	 0	 0	 0	 0	 1	 1	 0	 230	 1	 1.06	 0.94;
	 29	 1	 44.2	 0	 0	 0	 1	 1	 0	 115	 1	 1.06	 0.94;
	 30	 1	 66	 0	 0	 0	 1	 1	 0	 115	 1	 1.06	 0.94;
	 31	 2	 17.4	 0	 0	 0	 1	 1	 0	 115	 1	 1.06	 0.94;
	 32	 2	 15.8	 0	 0	 0	 1	 1	 0	 115	 1	 1.06	 0.94;
	 33	 1	 60.3	 0	 0	 0	 1	 1	 0	 115	 1	 1.06	 0.94;
	 34	 1	 39.9	 0	 0	 0	 1	 1	 0	 115	 1	 1.06	 0.94;
	 35	 2	 66.7	 0	 0	 0	 1	 1	 0	 115	 1	 1.06	 0.94;
	 36	 1	 83.5	 0	 0	 0	 1	 1	 0	 115	 1	 1.06	 0.94;
	 37	 1	 0	 0	 0	 0	 1	 1	 0	 115	 1	 1.06	 0.94;
	 38	 1	 77.8	 0	 0	 0	 1	 1	 0	 115	 1	 1.06	 0.94;
	 39	 1	 32	 0	 0	 0	 1	 1	 0	 115	 1	 1.06	 0.94;
	 40	 1	 8.6	 0	 0	 0	 1	 1	 0	 115	 1	 1.06	 0.94;
	 41	 1	 49.6	 0	 0	 0	 1	 1	 0	 115	 1	 1.06	 0.94;
	 42	 1	 4.6	 0	 0	 0	 1	 1	 0	 115	 1	 1.06	 0.94;
	 43	 2	 112.1	 0	 0	 0	 1	 1	 0	 115	 1	 1.06	 0.94;
	 44	 1	 30.7	 0	 0	 0	 1	 1	 0	 115	 1	 1.06	 0.94;
	 45	 1	 63	 0	 0	 0	 1	 1	 0	 115	 1	 1.06	 0.94;
	 46	 1	 19.6	 0	 0	 0	 1	 1	 0	 115	 1	 1.06	 0.94;
	 47	 1	 2.4	-3.9	 0	 0	 1	 1	 0	 115	 1	 1.06	 0.94;
	 48	 1	-14.9	 26.5	 0	 0	 1	 1	 0	 230	 1	 1.06	 0.94;
	 49	 1	 24.7	-1.2	 0	 0	 1	 1	 0	 115	 1	 1.06	 0.94;
	 50	 1	 145.3	-34.9	 0	 0	 1	 1	 0	 115	 1	 1.06	 0.94;
	 51	 2	 0	 0	 0	 0	 1	 1	 0	 13.8	 1	 1.06	 0.94;
	 52	 2	 0	 0	 0	 0	 1	 1	 0	 20	 1	 1.06	 0.94;
	 53	 2	 0	 0	 0	 0	 1	 1	 0	 13.8	 1	 1.06	 0.94;
	 54	 3	 0	 0	 0	 0	 1	 1	 0	 13.8	 1	 1.06	 0.94;
	 55	 2	 0	 0	 0	 0	 1	 1	 0	 13.8	 1	 1.06	 0.94;
	 56	 2	 0	 0	 0	 0	 1	 1	 0	 13.8	 1	 1.06	 0.94;
	 57	 1	 0	 0	 0	 0	 1	 1	 0	 115	 9	 1.06	 0.94;
	 58	 2	 4.2	 0	 0	 0	 1	 1	 0	 6.6	 9	 1.06	 0.94;
	 59	 1	 2.71	 0.94	 0.14	 2.4	 1	 1	 0	 6.6	 9	 1.06	 0.94;
	 60	 1	 0.86	 0.28	 0	 0	 1	 1	 0	 6.6	 9	 1.06	 0.94;
	 61	 1	 0	 0	 0	 0	 1	 1	 0	 115	 9	 1.06	 0.94;
	 62	 1	 0	 0	 0	 0	 1	 1	 0	 6.6	 9	 1.06	 0.94;
	 63	 1	 0	 0	 0	 0	 1	 1	 0	 6.6	 9	 1.06	 0.94;
	 64	 1	 0	 0	 0	 0	 1	 1	 0	 6.6	 9	 1.06	 0.94;
	 65	 1	 4.75	 1.56	 0	 0	 1	 1	 0	 6.6	 9	 1.06	 0.94;
	 66	 1	 1.53	 0.53	 0.08	 0	 1	 1	 0	 0.6	 9	 1.06	 0.94;
	 67	 1	 0	 0	 0	 0	 1	 1	 0	 6.6	 9	 1.06	 0.94;
	 68	 1	 1.35	 0.47	 0.07	 0	 1	 1	 0	 0.6	 9	 1.06	 0.94;
	 69	 1	 0.45	 0.16	 0.02	 0	 1	 1	 0	 0.6	 9	 1.06	 0.94;
	 70	 1	 0.45	 0.16	 0.02	 0	 1	 1	 0	 0.6	 9	 1.06	 0.94;
	 71	 1	 1.84	 0.64	 0.1	 0	 1	 1	 0	 0.6	 9	 1.06	 0.94;
	 72	 1	 1.39	 0.48	 0.07	 0	 1	 1	 0	 0.6	 9	 1.06	 0.94;
	 73	 1	 1.89	 0.65	 0.1	 0	 1	 1	 0	 0.6	 9	 1.06	 0.94;
	 74	 1	 1.55	 0.54	 0.08	 1.72	 1	 1	 0	 0.6	 9	 1.06	 0.94;
	 75	 1	 1.66	 0.58	 0.09	 0	 1	 1	 0	 0.6	 9	 1.06	 0.94;
	 76	 1	 3.03	 1	 0	 0	 1	 1	 0	 2.3	 9	 1.06	 0.94;
	 77	 1	 1.86	 0.64	 0.1	 0	 1	 1	 0	 0.6	 9	 1.06	 0.94;
	 78	 1	 2.58	 0.89	 0.14	 0	 1	 1	 0	 0.6	 9	 1.06	 0.94;
	 79	 1	 1.01	 0.35	 0.05	 0	 1	 1	 0	 0.6	 9	 1.06	 0.94;
	 80	 1	 0.81	 0.28	 0.04	 0	 1	 1	 0	 0.6	 9	 1.06	 0.94;
	 81	 1	 1.6	 0.52	 0	 0	 1	 1	 0	 2.3	 9	 1.06	 0.94;
	 82	 1	 0	 0	 0	 0	 1	 1	 0	 6.6	 9	 1.06	 0.94;
	 83	 2	 35.81	 0	 0	 0	 1	 1	 0	 13.8	 9	 1.06	 0.94;
	 84	 1	 30	 23	 0	 0	 1	 1	 0	 13.8	 9	 1.06	 0.94;
	 85	 2	 26.48	 0	 0	 0	 1	 1	 0	 13.8	 9	 1.06	 0.94;
	 86	 2	 0	 0	 0	 0	 1	 1	 0	 13.8	 9	 1.06	 0.94;
	 87	 2	 0	 0	 0	 0	 1	 1	 0	 13.8	 9	 1.06	 0.94;
	 88	 1	 1.02	 0.35	 0.05	 0	 1	 1	 0	 0.6	 9	 1.06	 0.94;
	 89	 1	 1.02	 0.35	 0.05	 0	 1	 1	 0	 0.6	 9	 1.06	 0.94;
	 90	 1	 3.8	 1.25	 0	 0	 1	 1	 0	 6.6	 9	 1.06	 0.94;
	 91	 1	 1.19	 0.41	 0.1	 0	 1	 1	 0	 2.3	 9	 1.06	 0.94;
];

mpc_regionR1.gen = [
%	bus         Pg          Qg          Qmax        Qmin        Vg          mBase       status      Pmax        Pmin        Pc1         Pc2         Qc1min      Qc1max      Qc2min      Qc2max      ramp_agc    ramp_10     ramp_30     ramp_q      apf         
	 25	 0	 0	 25	-25	 1	 100	 1	 0	 0;
	 31	 92.5	 41	 93	-11	 1	 100	 1	 185	 0;
	 32	 180	 0	 153	-153	 1	 100	 1	 360	 0;
	 35	 46.5	 8.5	 47	-30	 1	 100	 1	 93	 0;
	 43	 98.5	 26.5	 77	-24	 1	 100	 1	 197	 0;
	 51	 245	 122.5	 245	 0	 1	 100	 1	 490	 0;
	 52	 290	 0	 200	-200	 1	 100	 1	 580	 0;
	 53	 66	 21	 42	 0	 1	 100	 1	 132	 0;
	 54	 359	 5	 10	 0	 1	 100	 1	 718	 0;
	 55	 79	 12.5	 25	 0	 1	 100	 1	 158	 0;
	 56	 167	 0	 90	-90	 1	 100	 1	 334	 0;
	 58	 0	 0	 2	-2	 1	 100	 1	 0	 0;
	 83	 0	 0	 17.35	-17.35	 1	 100	 1	 0	 0;
	 85	 0	 0.015	 12.83	-12.8	 1	 100	 1	 0	 0;
	 86	 42	 0	 38	-38	 1	 100	 1	 84	 0;
	 87	 18.5	 0	 6	-6	 1	 100	 1	 37	 0;
];

