% -------------------------------------------------------------------------
% Partitioned MATPOWER Case File
% Copyright (c) 2025 Milad Hasanzadeh
% Generated on: 2025-06-10
% This file contains partitioned data for 3 regions


% -------------------- mpc_regionR1 --------------------

mpc_regionR1.version = '2';
mpc_regionR1.baseMVA = 100.0000;
mpc_regionR1.bus = [
%	bus_i       type        Pd          Qd          Gs          Bs          area        Vm          Va          baseKV      zone        Vmax        Vmin        
	 1	 1	 0	 0	 0	 0	 1	 1	 0	 115	 2	 1.1	 0.9;
	 2	 1	 7.39	 2.1	 0	 0	 1	 1	 0	 115	 2	 1.1	 0.9;
	 3	 1	 0	 0	 0	 0	 1	 1	 0	 115	 2	 1.1	 0.9;
	 4	 1	 23.74	 6.77	 0	 0	 1	 1	 0	 115	 2	 1.1	 0.9;
	 5	 1	 0	 0	 0	 0	 1	 1	 0	 115	 2	 1.1	 0.9;
	 6	 1	 42.68	 12.16	 0	 0	 1	 1	 0	 115	 2	 1.1	 0.9;
	 7	 1	 0	 0	 0	 0	 1	 1	 0	 115	 2	 1.1	 0.9;
	 8	 1	 59.09	 16.84	 0	 0	 1	 1	 0	 115	 2	 1.1	 0.9;
	 9	 1	 0	 0	 0	 0	 1	 1	 0	 115	 7	 1.1	 0.9;
	 10	 1	 0.51	 0.15	 0	 0	 1	 1	 0	 115	 7	 1.1	 0.9;
	 11	 1	 6.44	 1.84	 0	 0	 1	 1	 0	 115	 7	 1.1	 0.9;
	 12	 1	 0	 0	 0	 0	 1	 1	 0	 115	 7	 1.1	 0.9;
	 13	 1	 3.57	 1.02	 0	 0	 1	 1	 0	 115	 7	 1.1	 0.9;
	 14	 1	 29.81	 8.5	 0	 0	 1	 1	 0	 115	 7	 1.1	 0.9;
	 15	 1	 2.09	 0.59	 0	 0	 1	 1	 0	 115	 2	 1.1	 0.9;
	 16	 1	 0	 0	 0	 0	 1	 1	 0	 230	 7	 1.1	 0.9;
	 17	 1	 6.34	 1.81	 0	 0	 1	 1	 0	 115	 7	 1.1	 0.9;
	 18	 1	 0	 0	 0	 0	 1	 1	 0	 230	 7	 1.1	 0.9;
	 19	 1	 1.31	 0.37	 0	 0	 1	 1	 0	 115	 7	 1.1	 0.9;
	 20	 1	 4.23	 1.21	 0	 0	 1	 1	 0	 115	 7	 1.1	 0.9;
	 21	 1	 4.73	 1.35	 0	 0	 1	 1	 0	 115	 2	 1.1	 0.9;
	 22	 1	 3.8	 1.08	 0	 0	 1	 1	 0	 115	 2	 1.1	 0.9;
	 23	 1	 20.55	 5.86	 0	 0	 1	 1	 0	 115	 7	 1.1	 0.9;
	 24	 1	 3.6	 1.03	 0	 0	 1	 1	 0	 115	 2	 1.1	 0.9;
	 25	 2	 0	 0	 0	 0	 1	 1	 0	 13.8	 2	 1.1	 0.9;
	 26	 2	 0	 0	 0	 0	 1	 1	 0	 13.8	 2	 1.1	 0.9;
	 27	 2	 0	 0	 0	 0	 1	 1	 0	 13.8	 2	 1.1	 0.9;
	 28	 2	 0	 0	 0	 0	 1	 1	 0	 13.8	 2	 1.1	 0.9;
	 29	 1	 3.14	 0.89	 0	 0	 1	 1	 0	 115	 7	 1.1	 0.9;
	 30	 1	 3.75	 1.07	 0	 0	 1	 1	 0	 115	 2	 1.1	 0.9;
	 31	 1	 8.25	 2.35	 0	 0	 1	 1	 0	 115	 2	 1.1	 0.9;
	 32	 1	 62.85	 17.91	 0	 0	 1	 1	 0	 115	 7	 1.1	 0.9;
	 33	 2	 0	 0	 0	 0	 1	 1	 0	 13.8	 7	 1.1	 0.9;
	 34	 2	 0	 0	 0	 0	 1	 1	 0	 13.8	 7	 1.1	 0.9;
	 35	 2	 0	 0	 0	 0	 1	 1	 0	 13.8	 7	 1.1	 0.9;
	 36	 1	 3	 0.85	 0	 30	 1	 1	 0	 115	 7	 1.1	 0.9;
	 37	 1	 7.33	 2.09	 0	 0	 1	 1	 0	 115	 2	 1.1	 0.9;
	 38	 1	 0	 0	 0	 0	 1	 1	 0	 230	 2	 1.1	 0.9;
	 39	 1	 12.17	 3.47	 0	 0	 1	 1	 0	 115	 2	 1.1	 0.9;
	 40	 1	 0.52	 0.15	 0	 0	 1	 1	 0	 115	 2	 1.1	 0.9;
	 41	 1	 0	 0	 0	 0	 1	 1	 0	 230	 7	 1.1	 0.9;
	 42	 1	 0	 0	 0	 0	 1	 1	 0	 115	 7	 1.1	 0.9;
	 43	 2	 0	 0	 0	 0	 1	 1	 0	 13.8	 7	 1.1	 0.9;
	 44	 2	 0	 0	 0	 0	 1	 1	 0	 13.8	 7	 1.1	 0.9;
	 45	 1	 2.06	 0.59	 0	 0	 1	 1	 0	 115	 7	 1.1	 0.9;
	 46	 1	 52.56	 14.98	 0	 0	 1	 1	 0	 115	 7	 1.1	 0.9;
	 47	 1	 9.42	 2.68	 0	 0	 1	 1	 0	 115	 2	 1.1	 0.9;
	 48	 1	 5.16	 1.47	 0	 0	 1	 1	 0	 115	 4	 1.1	 0.9;
	 49	 1	 10.86	 3.09	 0	 0	 1	 1	 0	 115	 2	 1.1	 0.9;
	 50	 1	 0	 0	 0	 0	 1	 1	 0	 230	 7	 1.1	 0.9;
	 51	 1	 0	 0	 0	 0	 1	 1	 0	 115	 7	 1.1	 0.9;
	 52	 2	 0	 0	 0	 0	 1	 1	 0	 13.8	 7	 1.1	 0.9;
	 53	 2	 0	 0	 0	 0	 1	 1	 0	 13.8	 7	 1.1	 0.9;
	 54	 1	 0	 0	 0	 0	 1	 1	 0	 230	 2	 1.1	 0.9;
	 55	 1	 34.08	 9.71	 0	 0	 1	 1	 0	 115	 2	 1.1	 0.9;
	 56	 1	 3.94	 1.12	 0	 0	 1	 1	 0	 115	 2	 1.1	 0.9;
	 57	 1	 17.55	 5	 0	 0	 1	 1	 0	 115	 2	 1.1	 0.9;
	 58	 1	 0	 0	 0	 0	 1	 1	 0	 230	 2	 1.1	 0.9;
	 59	 1	 0	 0	 0	 0	 1	 1	 0	 115	 2	 1.1	 0.9;
	 60	 2	 0	 0	 0	 0	 1	 1	 0	 13.8	 2	 1.1	 0.9;
	 61	 2	 0	 0	 0	 0	 1	 1	 0	 13.8	 2	 1.1	 0.9;
	 62	 2	 0	 0	 0	 0	 1	 1	 0	 13.8	 2	 1.1	 0.9;
	 63	 1	 0	 0	 0	 0	 1	 1	 0	 230	 7	 1.1	 0.9;
	 64	 1	 77.24	 22.01	 0	 0	 1	 1	 0	 115	 7	 1.1	 0.9;
	 65	 1	 4.4	 1.25	 0	 0	 1	 1	 0	 115	 7	 1.1	 0.9;
	 66	 1	 30.25	 8.62	 0	 0	 1	 1	 0	 115	 2	 1.1	 0.9;
	 67	 1	 26.96	 7.68	 0	 0	 1	 1	 0	 115	 2	 1.1	 0.9;
	 68	 1	 0	 0	 0	 0	 1	 1	 0	 230	 2	 1.1	 0.9;
	 69	 1	 0	 0	 0	 0	 1	 1	 0	 115	 2	 1.1	 0.9;
	 70	 2	 0	 0	 0	 0	 1	 1	 0	 13.8	 2	 1.1	 0.9;
	 71	 2	 0	 0	 0	 0	 1	 1	 0	 13.8	 2	 1.1	 0.9;
	 72	 1	 6.84	 1.95	 0	 0	 1	 1	 0	 115	 2	 1.1	 0.9;
	 73	 1	 8.21	 2.34	 0	 0	 1	 1	 0	 115	 2	 1.1	 0.9;
	 74	 1	 1.42	 0.41	 0	 0	 1	 1	 0	 115	 2	 1.1	 0.9;
	 75	 1	 37.26	 10.62	 0	 0	 1	 1	 0	 115	 2	 1.1	 0.9;
	 76	 1	 9.05	 2.58	 0	 0	 1	 1	 0	 115	 2	 1.1	 0.9;
	 77	 1	 0	 0	 0	 0	 1	 1	 0	 115	 7	 1.1	 0.9;
	 78	 2	 0	 0	 0	 0	 1	 1	 0	 13.8	 7	 1.1	 0.9;
	 79	 1	 32.02	 9.13	 0	 0	 1	 1	 0	 115	 2	 1.1	 0.9;
	 80	 1	 0	 0	 0	 0	 1	 1	 0	 230	 2	 1.1	 0.9;
	 81	 1	 14.76	 4.21	 0	 0	 1	 1	 0	 115	 2	 1.1	 0.9;
	 82	 1	 1.45	 0.41	 0	 0	 1	 1	 0	 115	 2	 1.1	 0.9;
	 83	 1	 11.29	 3.22	 0	 0	 1	 1	 0	 115	 7	 1.1	 0.9;
	 84	 1	 2.1	 0.6	 0	 0	 1	 1	 0	 115	 2	 1.1	 0.9;
	 85	 1	 52.74	 15.03	 0	 0	 1	 1	 0	 115	 7	 1.1	 0.9;
	 86	 1	 21.99	 6.27	 0	 0	 1	 1	 0	 115	 2	 1.1	 0.9;
	 87	 1	 5.37	 1.53	 0	 0	 1	 1	 0	 115	 2	 1.1	 0.9;
];

mpc_regionR1.gen = [
%	bus         Pg          Qg          Qmax        Qmin        Vg          mBase       status      Pmax        Pmin        Pc1         Pc2         Qc1min      Qc1max      Qc2min      Qc2max      ramp_agc    ramp_10     ramp_30     ramp_q      apf         
	 25	 2.6	 0.8	 2.04	-0.44	 1	 4.8	 1	 4	 1.2;
	 26	 1.56	 0.475	 1.22	-0.27	 1	 2.88	 1	 2.4	 0.72;
	 27	 0	 0	 9.16	-2	 1	 21.6	 0	 18	 5.4;
	 28	 0	 0	 9.16	-2	 1	 21.6	 0	 18	 5.4;
	 33	 2.08	 0.635	 1.63	-0.36	 1	 3.84	 1	 3.2	 0.96;
	 34	 3.25	 1	 2.55	-0.55	 1	 6	 1	 5	 1.5;
	 35	 0	 0	 3.21	-0.7	 1	 7.56	 0	 6.3	 1.89;
	 43	 67.6	 3.415	 21.09	-14.26	 1	 118.8	 1	 67.6	 67.6;
	 44	 154.8	 6.83	 42.17	-28.51	 1	 237.6	 1	 154.8	 154.8;
	 52	 1.4	 0.06	 0.36	-0.24	 1	 2.04	 1	 1.4	 1.4;
	 53	 133.5	 5.175	 31.95	-21.6	 1	 180	 1	 133.5	 133.5;
	 60	 84.535	 22.365	 60.6	-15.87	 1	 156.06	 1	 130.05	 39.02;
	 61	 84.535	 22.365	 60.6	-15.87	 1	 156.06	 1	 130.05	 39.02;
	 62	 84.535	 22.365	 60.6	-15.87	 1	 156.06	 1	 130.05	 39.02;
	 70	 290.16	 76.78	 208.02	-54.46	 1	 535.68	 1	 446.4	 133.92;
	 71	 290.16	 76.78	 208.02	-54.46	 1	 535.68	 1	 446.4	 133.92;
	 78	 92.4	 3.47	 21.41	-14.47	 1	 120.6	 1	 92.4	 92.4;
];

